idx1,idx2,val
0,9,0.2693032887097014
0,16,0.21882005925313636
0,25,0.2407891625278746
0,33,0.26259878735933484
0,34,0.3780224217605957
0,36,0.23959645492669893
0,43,0.5861356121260465
0,46,0.3191279539431672
0,47,0.25304974585754864
0,48,0.3384951467387555
0,51,0.3188444254916884
0,62,0.32102026012708706
0,65,0.15425071712214555
0,74,0.3166424573104335
0,77,0.23614313960675143
0,91,0.26575482546938717
0,93,0.3691027524112023
0,104,0.3364741817241102
0,108,0.3403039704984596
0,114,0.3527261779022309
0,116,0.2723559130295192
0,129,0.26850304722888835
0,134,0.25459084850532326
0,136,0.19098042307081525
0,140,0.0046838795956082955
0,154,0.40935393215667065
0,167,0.3691035413958704
0,168,0.8174571055277737
0,169,0.3572457663793973
0,171,0.22313544457867515
0,178,0.36910349707382045
0,181,0.3332194909526502
0,185,1.0
0,187,0.26187047233460564
0,188,0.3691010952588075
0,208,0.3139890682411423
1,5,0.44363872769645113
1,20,0.16689499806879776
1,34,0.28399323535545046
1,46,1.0
1,57,0.15363285307833652
1,128,0.3619543438737485
1,143,0.40448781754658636
1,145,1.0
1,158,0.6006338315838714
1,202,1.0
2,19,1.0
2,55,0.28860579008034565
2,59,0.17864871648517236
2,64,0.5031937514296841
2,68,0.07198373134808668
2,75,0.12275359836484717
2,117,0.6761298921575789
2,150,0.1905999635869776
2,168,0.30779874838576415
2,173,0.4709678453025013
2,200,0.6457127777293349
2,207,0.6585022033596213
3,10,0.30695453043073945
3,40,0.3968079040345146
3,53,0.7489255633017002
3,54,0.2534155676979408
3,62,0.2623992259810863
3,66,1.0
3,72,0.749600900556302
3,109,0.30113639574870393
3,153,0.44040257495383395
3,166,0.7069514410645127
4,6,0.21303839709576158
4,8,0.9993096242542416
4,12,0.2915568320052212
4,38,0.7690992816848222
4,80,0.24280376253545416
4,95,0.42458231447234124
4,107,0.44383836612783856
4,148,0.33229633187480645
4,156,0.35188914422970646
4,177,0.5050802949247282
4,203,1.0
5,1,0.44363872769645113
5,13,0.5336972467591532
5,45,0.9999999999999999
5,47,1.0
5,52,0.4409180490038556
5,54,0.38742232465017834
5,79,0.01629285561559171
5,82,0.6937682035675722
5,85,0.37004684885646727
5,92,0.6230830903592461
5,124,0.03738269500556625
5,138,0.3173978515542989
5,145,0.4432782978560611
5,152,1.0
5,163,0.001922680573977987
5,164,0.21353137112337506
5,165,0.9944029587643591
5,170,0.367650020279139
5,176,0.7646047240458447
5,194,0.0753348840547319
5,202,0.608022783144709
6,4,0.21303839709576158
6,12,0.8845020561913063
6,29,0.2788539038395146
6,38,0.21388678895763946
6,67,0.021139678453763428
6,74,0.005908880715658439
6,80,0.6181232202055348
6,95,0.2200329491959881
6,100,0.6393108587824572
6,107,0.35955816524053247
6,137,0.7285954563020053
6,148,0.8107428142695774
6,156,0.1383790148726097
6,175,0.28338777398668025
6,177,0.6352368525905591
6,188,1.0
6,196,0.03146214312313881
6,203,1.0
7,8,1.0
7,40,0.2629298530168319
7,43,0.26068768904982365
7,57,0.40850310174711596
7,61,0.2673653321570596
7,62,0.24730280018671832
7,98,0.24696650971934916
7,109,0.5730350565754154
7,132,0.4344509993134884
7,160,0.893002569428784
8,4,0.9993096242542416
8,7,1.0
8,12,0.1476060373815136
8,38,1.0
8,73,0.29716716370986723
8,95,0.4876734401081975
8,148,0.181192049836966
8,156,0.16195177309844047
8,160,0.4144214417253368
8,170,0.4479489461205482
8,177,0.2378082526796226
8,196,0.13006048283092708
8,203,0.6793636129809014
9,0,0.2693032887097014
9,61,0.9999999999999999
9,62,0.5069813540739154
9,98,0.35166357431716594
9,116,0.8867185314742566
9,135,0.2693032887097014
9,136,0.2693032887097014
9,137,0.2693032887097014
9,138,0.2693032887097014
9,139,0.2693032887097014
10,3,0.30695453043073945
10,19,0.09713841108759727
10,32,0.3096101618068951
10,50,0.382065736123614
10,59,0.607801510590647
10,64,0.5204571085012482
10,72,0.3585635536492375
10,75,0.6577523390615118
10,84,0.40671082325831565
10,90,0.16930420891190553
10,100,0.4853565532569656
10,106,0.7845794966375287
10,115,0.1173727237032889
10,117,0.49612717543713225
10,128,0.21509022769591307
10,140,0.6444502859260759
10,147,0.0896897392882041
10,150,1.0
10,153,0.3723940307110793
10,166,0.3049378319945408
10,173,0.7232029386166088
10,175,0.3698363263531315
10,207,0.2930823974664006
11,35,0.55365349648065
11,42,0.8756190473882365
11,58,0.7253388288660053
11,70,0.5382658708280292
11,87,0.4267160276108859
11,132,0.03900101771227924
11,157,0.38010853059009614
11,158,0.30391614818405516
11,162,0.034289648353274575
11,187,0.04597578038905274
11,206,1.0
12,4,0.2915568320052212
12,6,0.8845020561913063
12,8,0.1476060373815136
12,38,0.4119207600274762
12,67,0.4221048955742161
12,73,0.30575047284187173
12,74,0.25405452956340896
12,80,0.8334700842887286
12,95,0.6832245086988707
12,98,0.3871413852855864
12,107,0.7398591667860235
12,148,0.909119014039239
12,156,0.5879176528436164
12,177,0.8814508608488714
12,196,0.4144784362634744
12,203,1.0
12,205,0.38041310460137434
13,5,0.5336972467591532
13,23,0.6414518618766845
13,27,0.409418438751104
13,31,0.6652974620955017
13,45,0.3726306404207839
13,52,0.08132129074446424
13,54,0.8710419654365383
13,71,0.37254667728761
13,82,0.8493003155812038
13,127,0.6983306729204415
13,138,0.20914927797581218
13,139,0.37218780290673475
13,152,0.3010583025000279
13,164,0.11289885804521807
13,165,1.0
13,176,0.7863108699948471
14,17,0.4434209796260539
14,20,0.2681654250037814
14,34,0.9445179447521275
14,39,0.4582133517712304
14,46,0.3470396283923743
14,63,0.40245769434555717
14,145,0.2735063125918293
14,158,0.6496886024148655
14,168,0.9928756099334792
14,182,1.0
14,199,0.26467738761982396
14,201,0.49048952149551966
14,202,0.2595630966408099
15,18,0.7441578354266731
15,27,1.0
15,28,0.6000972165087459
15,39,0.35344628073621387
15,57,0.22000959148081659
15,61,0.2090231880064673
15,90,0.4729469612459165
15,98,0.2102887593000691
15,115,0.776359319981017
15,123,0.4369240510513767
16,0,0.21882005925313636
16,46,0.7317962632209716
16,61,1.0
16,62,0.49795182762298035
16,98,0.9738860342272662
16,135,0.21882005925313636
16,136,0.21882005925313636
16,137,0.21882005925313636
16,138,0.21882005925313636
16,139,0.21882005925313636
17,14,0.4434209796260539
17,34,0.10484635157820565
17,39,0.10237810697431493
17,44,0.23518702527998042
17,76,0.9070454176104016
17,141,0.26695938778452943
17,168,1.0
17,182,0.5935848367943197
17,193,0.8686618138160354
17,199,0.6097747858844892
18,15,0.7441578354266731
18,28,0.9163672211762857
18,46,0.19280495358980948
18,61,0.38813820149000633
18,90,0.8148343493017522
18,98,0.41153354779286233
18,115,1.0
18,135,0.16093353917911354
18,136,0.16093353917911354
18,137,0.16093353917911354
19,2,1.0
19,10,0.09713841108759727
19,55,0.3910805573510687
19,59,0.14113960392240227
19,64,0.24770645116500495
19,68,0.0915867229634815
19,117,1.0
19,128,0.2169591321042644
19,130,0.19489276790636473
19,150,0.16097923455327376
19,153,0.3378067443202197
19,173,0.8804977824947826
19,200,1.0
19,207,0.8997289801749189
20,1,0.16689499806879776
20,14,0.2681654250037814
20,63,0.6877845130944967
20,79,0.7341546139810808
20,96,0.8894547499874527
20,118,0.17638254205597198
20,124,0.4575654306184498
20,133,0.3229592119254482
20,180,0.2735754887256117
20,182,0.41280471910764016
20,189,0.17910807891363542
20,197,0.17806082532154968
20,202,1.0
21,26,1.0
21,35,0.1311210652355221
21,39,0.6495455387438911
21,40,0.6807785061314722
21,41,0.23207070428512325
21,42,0.07818913469003431
21,69,0.4234865375760135
21,87,0.0774074471212734
21,109,1.0
21,111,0.6045696877274269
21,123,0.8688629007124061
21,125,0.8387409324005899
21,126,0.39322621864134655
21,131,0.7822226957851777
21,132,1.0
21,143,1.0
21,157,0.10634749564174459
21,179,0.8683876239942827
21,187,1.0
21,204,1.0
21,206,0.2881832772528382
22,43,0.40909475781381593
22,55,0.13188103334994894
22,68,0.11819818447948
22,113,0.4301233888043136
22,125,0.2076687095014901
22,141,0.6880799971834841
22,142,0.4480655780188284
22,154,0.17245963269156936
22,162,0.6596850669355349
22,184,1.0
22,187,0.13876195088929155
22,199,0.7574450029856954
23,13,0.6414518618766845
23,31,0.22862499751757295
23,52,0.32442364727584627
23,54,0.5746242579097778
23,71,0.5366303438302675
23,82,0.3128688871096233
23,127,0.7464448011594587
23,138,0.4214215463709354
23,139,0.5367045549234201
23,152,0.31794512175070727
23,164,0.3827594965254288
23,165,1.0
23,176,0.3284951531620488
24,44,0.5136742309201704
24,61,0.5544837020926737
24,86,1.0
24,88,1.0
24,99,1.0
24,103,1.0
24,123,0.5175842966306778
24,132,0.3975535631504202
24,187,0.11134311882130403
24,190,1.0
25,0,0.2407891625278746
25,46,0.27675282357391207
25,57,1.0
25,61,0.7704703129764977
25,98,0.9665196905410742
25,135,0.2407891625278746
25,136,0.2407891625278746
25,137,0.2407891625278746
25,138,0.2407891625278746
25,139,0.2407891625278746
26,21,1.0
26,35,0.23701383680353416
26,39,0.975038413674609
26,40,0.31344067156034794
26,41,0.7600623372388822
26,42,0.25706734105325424
26,69,0.2800340059792193
26,87,0.09060417575568354
26,99,0.27688059309726903
26,109,0.5872536206956591
26,111,0.9101200942087647
26,113,0.1678729251232621
26,123,0.3015652627784812
26,125,0.350208189861267
26,126,0.8403630512946858
26,131,0.9875804583668135
26,142,0.18549551064615033
26,143,0.7890433621494224
26,157,0.2802331050039967
26,179,0.9999999999999999
26,187,0.5292690996525236
26,204,0.6201318904369267
26,206,0.0740163893586648
27,13,0.409418438751104
27,15,1.0
27,54,0.3738144880998235
27,71,0.6221833184499856
27,82,0.4396860729140273
27,127,0.40278151572778115
27,139,0.6221548094748656
27,152,0.3235670205860394
27,165,0.30760041814430905
27,176,0.32841073357984796
28,15,0.6000972165087459
28,18,0.9163672211762857
28,46,0.0868644686058477
28,61,0.2690704689962294
28,81,1.0
28,90,0.8163272899518143
28,98,0.11494843388799822
28,115,0.9982941158688473
28,136,0.08644189384080504
28,138,0.08644189384080504
29,6,0.2788539038395146
29,45,0.28765504964652655
29,50,0.613278811194331
29,56,0.2902009146613398
29,81,0.2945017545667089
29,105,0.5365942735760457
29,121,0.29141812486310237
29,137,0.8704737674289595
29,144,0.2498321766187929
29,148,0.23013788902815
29,172,0.706782580726706
29,175,0.23265110550593127
29,183,1.0
29,201,0.270539806296095
30,46,0.3608037679547369
30,57,0.29626858046182886
30,61,0.18435859245910582
30,62,0.503749581263839
30,73,1.0
30,98,0.18621015437568825
30,136,0.18200893692150763
30,137,0.18200893692150763
30,154,0.4270146289396441
30,187,0.9995147480964056
31,13,0.6652974620955017
31,23,0.22862499751757295
31,33,1.0
31,54,0.7723846910633163
31,66,0.32673517910955047
31,76,0.2243117269072308
31,100,0.36613128630905
31,121,0.4816879751349963
31,127,0.2647949953152376
31,128,0.6957561220419747
31,137,0.49874668071755274
31,144,0.08719442993013035
31,147,0.945230230513133
31,152,0.186420105703859
31,158,0.3252535068500901
31,165,1.0
31,175,0.5777189814858769
31,176,0.31252496615755515
31,193,0.45584843448680773
32,10,0.3096101618068951
32,59,0.28712177631946506
32,64,0.25445830516193657
32,75,0.5261142834941973
32,84,0.23797118126764494
32,106,1.0
32,130,0.3630991946895231
32,150,0.4281572706248623
32,173,0.4256976915289026
32,207,0.4896895918712905
33,0,0.26259878735933484
33,31,1.0
33,57,0.6265166194693861
33,61,0.3819442333533166
33,98,0.27707549183666613
33,128,0.7854449513677142
33,135,0.26259878735933484
33,136,0.26259878735933484
33,137,0.26259878735933484
33,138,0.26259878735933484
34,0,0.3780224217605957
34,1,0.28399323535545046
34,14,0.9445179447521275
34,17,0.10484635157820565
34,43,0.6816127128718823
34,72,1.0
34,145,0.32338549534943273
34,153,0.7341644157061568
34,166,0.19974975086092078
34,168,0.17605540604240888
34,182,0.9624344604350269
34,185,0.3234076175532938
34,190,0.6471277619842428
34,201,1.0
34,202,0.4466140170077127
35,11,0.55365349648065
35,21,0.1311210652355221
35,26,0.23701383680353416
35,42,0.9922118471649459
35,50,0.43322118537982646
35,58,1.0
35,70,0.21479798599702168
35,87,0.9896376307766525
35,110,0.20866861380828067
35,131,0.10211361351074293
35,132,0.5141132201555915
35,136,0.8530613686376882
35,143,0.10415263187243495
35,157,0.9937657123571844
35,158,0.3955669310790576
35,179,0.2215027302549814
35,183,0.1565418948653082
35,187,0.6367858222438441
35,206,1.0
36,0,0.23959645492669893
36,46,0.947362672484343
36,57,0.35662674482234663
36,61,0.5805358648393241
36,62,1.0
36,98,0.32196676883105363
36,128,0.4335119188575852
36,136,0.23959645492669893
36,137,0.23959645492669893
36,138,0.23959645492669893
37,46,0.2601180822430063
37,57,0.2822404665790497
37,61,0.2599559417255034
37,94,1.0
37,98,0.2599691142807834
37,116,0.7911610939593597
37,142,0.2599555559285058
37,154,0.266267593893995
37,187,0.6577239929096056
37,191,0.3073660947947234
38,4,0.7690992816848222
38,6,0.21388678895763946
38,8,1.0
38,12,0.4119207600274762
38,73,0.832181712651971
38,80,0.33655983943400225
38,95,0.43093151977665467
38,107,0.5838638039471787
38,148,0.4757732011207264
38,156,0.6937648240671007
38,177,0.4534479487959666
38,203,1.0
39,14,0.4582133517712304
39,15,0.35344628073621387
39,17,0.10237810697431493
39,21,0.6495455387438911
39,26,0.975038413674609
39,42,0.051937771162783405
39,97,0.17192886899430204
39,111,0.08436430621200346
39,126,0.2824661515149214
39,131,0.6550898344641751
39,143,0.2988292946108306
39,157,0.049804418043459996
39,168,0.10955536673106904
39,170,0.44564786263405176
39,179,1.0
39,182,0.4133963684166682
39,191,1.0
39,192,1.0
39,202,0.3046049432180265
39,204,0.330032887471069
40,3,0.3968079040345146
40,7,0.2629298530168319
40,21,0.6807785061314722
40,26,0.31344067156034794
40,44,0.34339011766966404
40,47,0.7570203577692388
40,49,0.6648695872334999
40,53,0.6547992697019842
40,56,0.32106223778002035
40,66,0.38417268794918785
40,76,0.14745703669090188
40,81,0.36608054794433015
40,88,0.2318380759176247
40,90,0.3361505015576407
40,109,0.2175931045938273
40,112,0.15087476997364266
40,115,0.15792388544545466
40,123,1.0
40,125,0.21404197708703884
40,129,0.3451857766888247
40,143,0.48471555571499186
40,171,0.5590497963986364
40,174,0.19916152119965355
40,179,0.27558173231703553
40,187,0.34144731116088656
40,193,0.2865978900411225
40,204,0.6320593161148947
41,21,0.23207070428512325
41,26,0.7600623372388822
41,58,0.0027706004512454644
41,99,0.1711946148625848
41,111,0.9902618496413967
41,113,0.25435621698256955
41,126,0.06280773823218135
41,131,1.0
41,143,0.028633512994238584
41,179,0.8201471778088828
41,204,0.0023860297792409183
42,11,0.8756190473882365
42,21,0.07818913469003431
42,26,0.25706734105325424
42,35,0.9922118471649459
42,39,0.051937771162783405
42,58,0.5943629990805109
42,70,0.964093997678491
42,87,1.0
42,110,0.2249695623857362
42,111,0.0697690356636434
42,126,0.0061421605144183185
42,131,0.15807787600744608
42,132,0.38070928097701484
42,157,0.985342506233625
42,179,0.2389966974468447
42,187,0.5917459557710348
42,206,1.0
43,0,0.5861356121260465
43,7,0.26068768904982365
43,22,0.40909475781381593
43,34,0.6816127128718823
43,72,0.19614686550112
43,81,0.4757674208139178
43,105,0.2141690015488642
43,112,0.4388056691090625
43,145,0.2606177861106102
43,170,0.24651682475815892
43,172,0.46559455368250324
43,174,0.20215382338430687
43,184,0.6986672343472857
43,185,0.7297967079443461
43,190,1.0
43,201,0.6628502072780209
43,202,0.25638446125046827
44,17,0.23518702527998042
44,24,0.5136742309201704
44,40,0.34339011766966404
44,76,0.6136783292662669
44,88,0.9999999999999999
44,99,0.44330032047988355
44,109,0.6439368049421067
44,132,0.4257299201721616
44,187,0.13972574017470188
44,193,0.8095489669123461
45,5,0.9999999999999999
45,13,0.3726306404207839
45,29,0.28765504964652655
45,46,0.2728127810945086
45,54,0.2138862105071919
45,59,0.09881842201889533
45,61,0.14617406437598945
45,82,0.60907581629711
45,130,0.12224543247417312
45,165,0.8710405438601828
45,176,0.7887349863939742
46,0,0.3191279539431672
46,1,1.0
46,14,0.3470396283923743
46,16,0.7317962632209716
46,18,0.19280495358980948
46,25,0.27675282357391207
46,28,0.0868644686058477
46,30,0.3608037679547369
46,36,0.947362672484343
46,37,0.2601180822430063
46,45,0.2728127810945086
46,47,0.5293952517450703
46,48,0.4016227643446551
46,49,0.3105321854035476
46,51,0.6534799222669372
46,56,0.2813178048230115
46,65,0.3147503547844308
46,66,0.2758655833647892
46,76,0.9512207965308305
46,77,0.2430062364011926
46,81,0.23034928729343368
46,91,1.0
46,96,0.18577197193854747
46,101,0.4665198803665879
46,102,0.29559165590716946
46,105,0.20807717857275662
46,119,0.328042537928451
46,120,0.0765439021613376
46,121,0.25668071023521477
46,122,0.1833624716525496
46,134,0.44055675343133155
46,137,0.12333103810322814
46,145,0.25872844242736076
46,146,0.5752899516601597
46,151,0.7231778454636401
46,155,0.0314184460276487
46,159,0.278054497135173
46,160,0.3685619807937635
46,161,0.14855470280102828
46,172,0.15055756908189444
46,183,0.6589889995504561
46,185,0.32608251907087893
46,186,0.3607914991781483
46,192,0.39684998736042293
46,193,0.1780948057197894
46,195,0.07068442563223701
46,198,0.19127761833559226
46,201,0.9339481739916304
46,208,0.31653000616839905
47,0,0.25304974585754864
47,5,1.0
47,40,0.7570203577692388
47,46,0.5293952517450703
47,61,0.449853212288675
47,98,0.3204095159377229
47,136,0.25304974585754864
47,137,0.25304974585754864
47,138,0.25304974585754864
47,139,0.25304974585754864
48,0,0.3384951467387555
48,46,0.4016227643446551
48,57,0.3788399760115952
48,61,0.3758127670873563
48,98,0.3945179728749156
48,116,0.41716351999502926
48,135,0.3384951467387555
48,136,0.3384951467387555
48,137,0.3384951467387555
48,205,1.0
49,40,0.6648695872334999
49,46,0.3105321854035476
49,53,1.0
49,57,0.46418663087934814
49,61,0.2713213292919155
49,98,0.2888863880252915
49,123,0.8382812546223326
49,137,0.1612843611907265
49,138,0.1612843611907265
49,153,0.1612843611907265
50,10,0.382065736123614
50,29,0.613278811194331
50,35,0.43322118537982646
50,68,0.35508877678717843
50,123,0.3229821909695544
50,125,0.39141715051315334
50,182,0.596908369869353
50,183,1.0
50,191,0.5301055613329072
50,206,0.41366717361772354
51,0,0.3188444254916884
51,46,0.6534799222669372
51,57,0.336310074292604
51,61,0.4144574584772551
51,76,1.0
51,98,0.3786273579165664
51,135,0.3188444254916884
51,136,0.3188444254916884
51,137,0.3188444254916884
51,138,0.3188444254916884
52,5,0.4409180490038556
52,13,0.08132129074446424
52,23,0.32442364727584627
52,82,0.5718935925178074
52,127,0.22860343120469173
52,138,0.8206798503490469
52,152,1.0
52,164,0.791154964772075
52,165,0.7627207224108538
52,176,0.7551326344385101
53,3,0.7489255633017002
53,40,0.6547992697019842
53,49,1.0
53,54,0.08190438892523083
53,66,0.5474757726005836
53,90,1.0
53,106,0.0841003118208746
53,109,0.3659534223038244
53,115,0.8197899383686685
53,123,0.7390574498298516
54,3,0.2534155676979408
54,5,0.38742232465017834
54,13,0.8710419654365383
54,23,0.5746242579097778
54,27,0.3738144880998235
54,31,0.7723846910633163
54,45,0.2138862105071919
54,53,0.08190438892523083
54,66,0.4470700869315682
54,71,0.257223851494079
54,82,0.6926353198233024
54,120,0.20648289073778558
54,127,0.6303461623143378
54,138,0.126298164613622
54,139,0.2566731950491741
54,152,0.31504275188468184
54,155,0.10534467224638695
54,161,0.2968545453324947
54,165,1.0
54,176,0.6292152393313469
55,2,0.28860579008034565
55,19,0.3910805573510687
55,22,0.13188103334994894
55,60,0.423794355652878
55,64,0.4749919900976552
55,68,1.0
55,82,0.5125560420425842
55,117,0.9567371700814904
55,141,0.7873158038823921
55,162,0.5047947672746462
55,173,0.45701013776602806
55,184,0.15373060253465462
55,200,0.5783021186990454
55,207,0.46087295157442754
56,29,0.2902009146613398
56,40,0.32106223778002035
56,46,0.2813178048230115
56,61,0.250345037176628
56,62,0.2503743038018866
56,97,1.0
56,98,0.25021198420363416
56,116,0.6853935655359757
56,154,0.42707683556209625
56,205,0.5659438159131683
57,1,0.15363285307833652
57,7,0.40850310174711596
57,15,0.22000959148081659
57,25,1.0
57,30,0.29626858046182886
57,33,0.6265166194693861
57,36,0.35662674482234663
57,37,0.2822404665790497
57,48,0.3788399760115952
57,49,0.46418663087934814
57,51,0.336310074292604
57,76,0.2366218403737362
57,77,0.844389857162638
57,83,0.4256524332020101
57,89,0.32444454053389865
57,90,0.18596574629942106
57,91,0.8815950708281227
57,94,0.3171426513495189
57,96,0.9090572960697099
57,102,0.7085468160432803
57,105,0.16875102162194433
57,121,1.0
57,122,0.3131107574368389
57,129,0.6308083034818741
57,134,0.4360335353309747
57,136,0.23778390534002697
57,137,0.1020862459348522
57,149,0.1915291075538994
57,151,1.0
57,160,0.29444827126410816
57,166,1.0
57,170,0.23639207767340245
57,171,0.36620309189459976
57,172,0.13611217370123113
57,174,0.20124629868717597
57,186,0.44362134284947313
57,195,0.10468050330573245
57,198,0.17080908563508176
57,201,0.28771372260172073
57,208,1.0
58,11,0.7253388288660053
58,35,1.0
58,41,0.0027706004512454644
58,42,0.5943629990805109
58,70,0.45014754131002466
58,87,0.7362627487108291
58,132,0.005133242204095306
58,157,0.5873616514718136
58,187,0.08033283361398007
58,206,0.39277781598632816
59,2,0.17864871648517236
59,10,0.607801510590647
59,19,0.14113960392240227
59,32,0.28712177631946506
59,45,0.09881842201889533
59,64,0.15155336883306278
59,75,0.9444110761699034
59,106,0.6047221160488063
59,117,0.29706764507163724
59,128,0.1890580181377153
59,130,0.5062303770734131
59,140,0.6224514587202862
59,150,1.0
59,173,0.7253016124543084
59,200,0.018730278100290054
59,207,0.4889694970675106
60,55,0.423794355652878
60,68,0.3606687262772662
60,82,0.16567139156468064
60,113,0.619971795916467
60,117,0.1288364982061791
60,125,0.4858596418454573
60,141,0.28285543916484807
60,142,0.6944858996316
60,162,1.0
60,199,0.15979144184537328
61,7,0.2673653321570596
61,9,0.9999999999999999
61,15,0.2090231880064673
61,16,1.0
61,18,0.38813820149000633
61,24,0.5544837020926737
61,25,0.7704703129764977
61,28,0.2690704689962294
61,30,0.18435859245910582
61,33,0.3819442333533166
61,36,0.5805358648393241
61,37,0.2599559417255034
61,45,0.14617406437598945
61,47,0.449853212288675
61,48,0.3758127670873563
61,49,0.2713213292919155
61,51,0.4144574584772551
61,56,0.250345037176628
61,65,0.16973921381231605
61,77,1.0
61,81,0.23027170438763642
61,83,1.0
61,88,0.08267806278113299
61,89,0.5861305884294815
61,91,0.40616416756046964
61,93,1.0
61,94,0.3165236611341018
61,96,0.2103439739853939
61,101,0.35163438878859543
61,102,0.6348830625237399
61,104,0.3626551290418031
61,108,1.0
61,114,1.0
61,115,0.13305834986442383
61,119,1.0
61,121,0.24856189109362817
61,122,0.35399732135627215
61,129,0.28268374154218107
61,134,1.0
61,135,0.3927802868917006
61,136,0.9210361237532825
61,140,0.02680320593619612
61,146,1.0
61,149,0.21274849478889624
61,151,0.6725695461135981
61,159,0.3306938530884579
61,160,1.0
61,166,0.2460972487630544
61,167,0.9999999999999999
61,169,1.0
61,171,0.2518146878712213
61,174,0.3625919170881812
61,178,1.0
61,181,0.5303662953981958
61,186,0.3592207202951031
61,188,0.3691178833807901
61,192,0.37604034587432006
61,195,0.23484013490573286
61,198,0.172560370824862
61,208,0.4642239048014744
62,0,0.32102026012708706
62,3,0.2623992259810863
62,7,0.24730280018671832
62,9,0.5069813540739154
62,16,0.49795182762298035
62,30,0.503749581263839
62,36,1.0
62,56,0.2503743038018866
62,66,0.517745394992347
62,76,0.4997372366382883
62,77,0.8728553023270702
62,88,0.18565268322728565
62,89,0.41570022612869706
62,96,0.3923694772103787
62,104,0.5694471751845057
62,124,0.21124146539940689
62,134,0.48289422499915335
62,136,1.0
62,137,0.16236746221605472
62,147,0.49908372535792095
62,161,0.1491463593757647
62,181,1.0
62,185,0.33848961178321507
62,186,1.0
62,193,0.21079508063901153
62,201,0.15157883324636803
63,14,0.40245769434555717
63,20,0.6877845130944967
63,69,0.3068491822181043
63,79,0.24144622110979144
63,92,0.9676835992604529
63,125,0.1825684942932716
63,144,0.4635964541942988
63,180,1.0
63,182,0.4508094152358791
63,191,0.2846238923565095
63,204,0.37127079057376483
64,2,0.5031937514296841
64,10,0.5204571085012482
64,19,0.24770645116500495
64,32,0.25445830516193657
64,55,0.4749919900976552
64,59,0.15155336883306278
64,68,0.5688290822477652
64,72,0.23034898150594063
64,75,0.17094193853941317
64,84,0.38181666473314324
64,100,0.2574629622928763
64,106,0.5847510536414926
64,112,0.44363812945060754
64,117,0.6932173797051653
64,130,0.10271733907879753
64,140,1.0
64,150,1.0
64,173,0.8009682207939617
64,183,0.21111556042194404
64,200,0.015130525258630718
64,207,0.3190226366430292
65,0,0.15425071712214555
65,46,0.3147503547844308
65,61,0.16973921381231605
65,68,0.7247695993420956
65,98,0.15943313960433383
65,125,0.37144296632191975
65,135,0.15425071712214555
65,141,0.6565067890435266
65,162,1.0
65,199,0.6167809511097283
66,3,1.0
66,31,0.32673517910955047
66,40,0.38417268794918785
66,46,0.2758655833647892
66,53,0.5474757726005836
66,54,0.4470700869315682
66,62,0.517745394992347
66,109,0.36636972700655857
66,128,0.40488318532328277
66,187,0.2328733640219897
67,6,0.021139678453763428
67,12,0.4221048955742161
67,73,0.1251777632504876
67,74,0.3467748849591614
67,80,0.49502868850632764
67,95,0.5291069888755214
67,97,0.35490471252355577
67,100,0.39111259743022364
67,112,0.49288756241956194
67,148,0.1838848487366151
67,156,0.8334017903215724
67,177,0.8886382470801694
67,196,0.5107576371123609
67,203,1.0
67,205,0.1967941098081016
68,2,0.07198373134808668
68,19,0.0915867229634815
68,22,0.11819818447948
68,50,0.35508877678717843
68,55,1.0
68,60,0.3606687262772662
68,64,0.5688290822477652
68,65,0.7247695993420956
68,82,0.7437330019319637
68,117,0.6559606529260483
68,141,0.9125286795824465
68,162,0.7386718080910529
68,183,0.6359978277808189
68,184,0.14042555452165376
68,200,0.11415010885800461
68,207,0.09579880196528051
69,21,0.4234865375760135
69,26,0.2800340059792193
69,63,0.3068491822181043
69,92,1.0
69,103,0.3724876176488402
69,111,0.2893885041835456
69,131,0.28973653262336685
69,132,1.0
69,143,0.4269070635849046
69,149,1.0
69,179,0.28268243796393305
69,180,0.37309946650785397
69,204,0.41057198289022534
70,11,0.5382658708280292
70,35,0.21479798599702168
70,42,0.964093997678491
70,58,0.45014754131002466
70,87,0.8463471973694352
70,110,0.27001637325249317
70,131,0.027108923395520935
70,132,0.12576656670161848
70,157,0.9235505851042274
70,187,0.255620622870004
70,206,1.0
71,13,0.37254667728761
71,23,0.5366303438302675
71,27,0.6221833184499856
71,54,0.257223851494079
71,82,0.8234879105645707
71,127,0.3482519974149555
71,138,0.28087267222397255
71,139,1.0
71,152,0.14617550621888525
71,176,0.15473943103350984
72,3,0.749600900556302
72,10,0.3585635536492375
72,34,1.0
72,43,0.19614686550112
72,64,0.23034898150594063
72,116,0.47958357467263485
72,117,0.3377426264811511
72,132,0.39513107694161825
72,153,1.0
72,166,0.7488729747257564
73,8,0.29716716370986723
73,12,0.30575047284187173
73,30,1.0
73,38,0.832181712651971
73,67,0.1251777632504876
73,80,0.205072989016655
73,95,0.48417227345783626
73,97,0.21490012257584776
73,110,0.16518250844519733
73,112,0.2849622874574596
73,148,0.4048509944076951
73,155,0.051833688806098385
73,156,0.5431004139744963
73,161,0.20538611474591809
73,170,0.475574033173808
73,177,0.324512264386285
73,196,0.12914528588703253
73,203,1.0
74,0,0.3166424573104335
74,6,0.005908880715658439
74,12,0.25405452956340896
74,67,0.3467748849591614
74,80,0.366473899350395
74,95,0.5551986694016657
74,97,0.515263394780741
74,100,0.31406165706901534
74,147,0.06920772681124719
74,148,0.16090892386770594
74,156,0.9999999999999999
74,177,0.5072171398653461
74,185,0.33015636276433424
74,193,0.42478615530552727
74,196,0.7461154784271942
74,203,0.8285049955706709
74,205,0.3374038680165699
75,2,0.12275359836484717
75,10,0.6577523390615118
75,32,0.5261142834941973
75,59,0.9444110761699034
75,64,0.17094193853941317
75,84,0.5393030596335349
75,106,0.6707713388984785
75,117,0.2532872666000734
75,130,0.4364733250889689
75,140,0.6119218845358382
75,150,1.0
75,173,0.75992180460074
75,200,0.016714012196397416
75,207,0.43792817001027445
76,17,0.9070454176104016
76,31,0.2243117269072308
76,40,0.14745703669090188
76,44,0.6136783292662669
76,46,0.9512207965308305
76,51,1.0
76,57,0.2366218403737362
76,62,0.4997372366382883
76,154,0.512089905696765
76,193,1.0
77,0,0.23614313960675143
77,46,0.2430062364011926
77,57,0.844389857162638
77,61,1.0
77,62,0.8728553023270702
77,98,0.2620286617881922
77,136,0.23614313960675143
77,137,0.23614313960675143
77,138,0.23614313960675143
77,139,0.23614313960675143
78,79,1.0
78,85,0.4578170030351457
78,118,0.6477012726511568
78,124,0.31133258537421904
78,133,0.3021771173093177
78,163,0.42886928902115257
78,180,0.020880581155198048
78,189,0.5683914329029579
78,194,0.7573728653198105
78,197,0.5421361196189523
79,5,0.01629285561559171
79,20,0.7341546139810808
79,63,0.24144622110979144
79,78,1.0
79,85,1.0
79,118,0.6580833185265654
79,124,0.8447983099125085
79,163,0.6520001769572388
79,189,0.5878646624438343
79,194,0.9712470096071004
79,197,0.5864450839534014
80,4,0.24280376253545416
80,6,0.6181232202055348
80,12,0.8334700842887286
80,38,0.33655983943400225
80,67,0.49502868850632764
80,73,0.205072989016655
80,74,0.366473899350395
80,95,0.6282726731646229
80,98,0.12057973352290932
80,107,0.4851198513097369
80,148,0.6518348456921434
80,156,0.5795137404391282
80,177,0.8022622231888443
80,196,0.5105687412522982
80,203,1.0
80,205,0.43413024673411627
81,28,1.0
81,29,0.2945017545667089
81,40,0.36608054794433015
81,43,0.4757674208139178
81,46,0.23034928729343368
81,61,0.23027170438763642
81,98,0.2302008760153529
81,116,0.849947872988462
81,132,0.5243957532507683
81,154,0.37535664316708206
82,5,0.6937682035675722
82,13,0.8493003155812038
82,23,0.3128688871096233
82,27,0.4396860729140273
82,45,0.60907581629711
82,52,0.5718935925178074
82,54,0.6926353198233024
82,55,0.5125560420425842
82,60,0.16567139156468064
82,68,0.7437330019319637
82,71,0.8234879105645707
82,92,0.3133792166300878
82,120,0.21660908563463532
82,127,0.4696577596405305
82,138,0.5212246568424687
82,139,0.8267882710738528
82,141,0.294073385267461
82,152,0.8415061409830416
82,155,0.40529858499738153
82,161,0.5772947071945046
82,164,0.3373370939532678
82,165,0.9999999999999999
82,170,0.3576445724508534
82,176,0.9141756103618375
82,180,0.6089171447621239
83,57,0.4256524332020101
83,61,1.0
83,98,0.3722028179366981
83,134,0.3585503660693876
83,135,0.3585503660693876
83,136,0.3585503660693876
83,137,0.3585503660693876
83,138,0.3585503660693876
83,139,0.3585503660693876
83,154,0.3727677742200885
84,10,0.40671082325831565
84,32,0.23797118126764494
84,64,0.38181666473314324
84,75,0.5393030596335349
84,106,0.4079717571485578
84,117,0.3246031634520784
84,130,0.7695987113670787
84,141,0.35495961861655606
84,150,1.0
84,173,0.5348338671611444
84,207,0.2685700896933833
85,5,0.37004684885646727
85,78,0.4578170030351457
85,79,1.0
85,116,0.7273159831745454
85,118,0.6759069195115371
85,124,0.9999999999999999
85,133,0.23538682788661652
85,163,1.0
85,189,0.6124731324083152
85,194,1.0
85,197,0.6160635429342269
86,24,1.0
86,88,0.7296272032107075
86,99,0.8405580232446084
86,103,0.7611009174629636
86,109,0.1527010722778351
86,123,0.490292865020122
86,132,0.4166357370034465
86,187,0.2546902694301182
86,190,0.5486522853141107
86,205,0.11830630695051858
87,11,0.4267160276108859
87,21,0.0774074471212734
87,26,0.09060417575568354
87,35,0.9896376307766525
87,42,1.0
87,58,0.7362627487108291
87,70,0.8463471973694352
87,111,0.11983071648409536
87,126,0.017834220448447385
87,132,0.22765591185760614
87,157,0.628214192098713
87,179,0.09152810796900017
87,187,0.49463709004098155
87,206,0.9709094097892158
88,24,1.0
88,40,0.2318380759176247
88,44,0.9999999999999999
88,61,0.08267806278113299
88,62,0.18565268322728565
88,86,0.7296272032107075
88,99,0.9911206788943271
88,103,0.5655402433922938
88,123,0.4069764808656355
88,132,0.5145490958677309
88,187,0.20424264405085768
88,190,0.2411440898182643
89,57,0.32444454053389865
89,61,0.5861305884294815
89,62,0.41570022612869706
89,98,0.4113301060631413
89,104,1.0
89,134,0.3168664018686193
89,135,0.3168664018686193
89,136,0.3168664018686193
89,137,0.3168664018686193
89,138,0.3168664018686193
90,10,0.16930420891190553
90,15,0.4729469612459165
90,18,0.8148343493017522
90,28,0.8163272899518143
90,40,0.3361505015576407
90,53,1.0
90,57,0.18596574629942106
90,106,0.2622244389688163
90,115,1.0
90,123,0.46759573580315894
91,0,0.26575482546938717
91,46,1.0
91,57,0.8815950708281227
91,61,0.40616416756046964
91,98,0.43963817160355056
91,135,0.26575482546938717
91,136,0.26575482546938717
91,137,0.26575482546938717
91,138,0.26575482546938717
91,139,0.26575482546938717
92,5,0.6230830903592461
92,63,0.9676835992604529
92,69,1.0
92,82,0.3133792166300878
92,132,0.2936259579823775
92,141,0.5087858028921025
92,144,0.831085170110477
92,180,0.9130894438043088
92,191,0.4733103039659169
92,199,0.6037406753184265
93,0,0.3691027524112023
93,61,1.0
93,133,0.3691027524112023
93,134,0.3691027524112023
93,135,0.3691027524112023
93,136,0.3691027524112023
93,137,0.3691027524112023
93,138,0.3691027524112023
93,139,0.3691027524112023
93,140,0.3691027524112023
94,37,1.0
94,57,0.3171426513495189
94,61,0.3165236611341018
94,98,0.3165206242282502
94,116,0.6351543566837188
94,135,0.3165205669284199
94,136,0.3165205669284199
94,154,0.34787472519179213
94,187,0.3983831535496227
94,191,0.3572819391064945
95,4,0.42458231447234124
95,6,0.2200329491959881
95,8,0.4876734401081975
95,12,0.6832245086988707
95,38,0.43093151977665467
95,67,0.5291069888755214
95,73,0.48417227345783626
95,74,0.5551986694016657
95,80,0.6282726731646229
95,97,1.0
95,107,0.13644990763833958
95,148,0.511674952932878
95,156,0.9679321466737334
95,177,0.8342875429680734
95,196,0.7156949257801231
95,203,0.9999999999999999
95,205,0.5139502944581464
96,20,0.8894547499874527
96,46,0.18577197193854747
96,57,0.9090572960697099
96,61,0.2103439739853939
96,62,0.3923694772103787
96,98,0.23619678987807305
96,128,0.6486397192727553
96,136,0.18308571177421776
96,154,0.25134454136077855
96,158,1.0
97,39,0.17192886899430204
97,56,1.0
97,67,0.35490471252355577
97,73,0.21490012257584776
97,74,0.515263394780741
97,95,1.0
97,116,0.9507416574587044
97,132,0.16003862209823433
97,156,0.2825554563274954
97,205,0.17074551975666968
98,7,0.24696650971934916
98,9,0.35166357431716594
98,12,0.3871413852855864
98,15,0.2102887593000691
98,16,0.9738860342272662
98,18,0.41153354779286233
98,25,0.9665196905410742
98,28,0.11494843388799822
98,30,0.18621015437568825
98,33,0.27707549183666613
98,36,0.32196676883105363
98,37,0.2599691142807834
98,47,0.3204095159377229
98,48,0.3945179728749156
98,49,0.2888863880252915
98,51,0.3786273579165664
98,56,0.25021198420363416
98,65,0.15943313960433383
98,77,0.2620286617881922
98,80,0.12057973352290932
98,81,0.2302008760153529
98,83,0.3722028179366981
98,89,0.4113301060631413
98,91,0.43963817160355056
98,94,0.3165206242282502
98,96,0.23619678987807305
98,101,0.3476430368350142
98,102,0.323974894484074
98,104,0.37097773587985405
98,108,0.5994914781942727
98,114,0.5001193225388744
98,119,0.3775075995988481
98,121,0.26408428759022134
98,122,0.18157890287506837
98,129,0.2733385173749635
98,134,0.6894832990513032
98,135,0.17129885597213473
98,136,0.22916285455842714
98,137,0.03899737566814021
98,140,0.006376255725075748
98,146,0.9435792355497554
98,148,0.1564383188689322
98,149,0.1684804791525676
98,151,0.3995822305515652
98,159,0.31697914040197855
98,160,0.35859995094305575
98,166,0.2666900294706506
98,169,0.4639583873838471
98,171,0.25910830467908935
98,174,0.222935869661534
98,177,1.0
98,181,0.45902929674332105
98,186,0.3595647727126771
98,188,0.3691012777342896
98,192,0.6001643772686759
98,195,0.08476645634723444
98,198,0.16018395170922167
98,203,0.10056748328550913
98,208,0.5285690715850895
99,24,1.0
99,26,0.27688059309726903
99,41,0.1711946148625848
99,44,0.44330032047988355
99,86,0.8405580232446084
99,88,0.9911206788943271
99,103,0.4663837134904401
99,111,0.2818049402632013
99,123,0.3551998274591902
99,131,0.2819883603931801
99,132,0.2914734958836442
99,179,0.2782899664284565
99,187,0.2784966205417443
99,190,0.21429912136806936
100,6,0.6393108587824572
100,10,0.4853565532569656
100,31,0.36613128630905
100,64,0.2574629622928763
100,67,0.39111259743022364
100,74,0.31406165706901534
100,117,0.2767628260824762
100,128,0.2606738465079552
100,158,0.33106133948846594
100,175,1.0
101,46,0.4665198803665879
101,61,0.35163438878859543
101,98,0.3476430368350142
101,134,0.3458449917808304
101,135,0.3458449917808304
101,136,0.3458449917808304
101,137,0.3458449917808304
101,138,0.3458449917808304
101,154,0.4269013288786627
101,159,0.9999999999999999
102,46,0.29559165590716946
102,57,0.7085468160432803
102,61,0.6348830625237399
102,98,0.323974894484074
102,134,0.2830565213380881
102,135,0.2830565213380881
102,136,0.2830565213380881
102,137,0.2830565213380881
102,138,0.2830565213380881
102,154,0.9999999999999999
103,24,1.0
103,69,0.3724876176488402
103,86,0.7611009174629636
103,88,0.5655402433922938
103,99,0.4663837134904401
103,109,0.30805891422525894
103,123,0.269317470285467
103,132,0.14559926435058568
103,187,0.1538655891344726
103,190,0.7583127712466637
104,0,0.3364741817241102
104,61,0.3626551290418031
104,62,0.5694471751845057
104,89,1.0
104,98,0.37097773587985405
104,134,0.3364741817241102
104,135,0.3364741817241102
104,136,0.3364741817241102
104,137,0.3364741817241102
104,138,0.3364741817241102
105,29,0.5365942735760457
105,43,0.2141690015488642
105,46,0.20807717857275662
105,57,0.16875102162194433
105,125,0.4116180926476042
105,132,0.30542763298846337
105,144,1.0
105,154,0.6035638609454059
105,172,1.0
105,191,0.33309501478631626
106,10,0.7845794966375287
106,32,1.0
106,53,0.0841003118208746
106,59,0.6047221160488063
106,64,0.5847510536414926
106,75,0.6707713388984785
106,84,0.4079717571485578
106,90,0.2622244389688163
106,115,0.1741818243096157
106,117,0.2933391739797351
106,128,0.19046624545278834
106,130,1.0
106,150,0.9999999999999999
106,173,0.35762077135288317
106,207,0.3603033834882245
107,4,0.44383836612783856
107,6,0.35955816524053247
107,12,0.7398591667860235
107,38,0.5838638039471787
107,80,0.4851198513097369
107,95,0.13644990763833958
107,148,1.0
107,177,0.5016205721567881
107,196,0.007387075832656503
107,203,0.06423897641535606
108,0,0.3403039704984596
108,61,1.0
108,98,0.5994914781942727
108,133,0.3403039704984596
108,134,0.3403039704984596
108,135,0.3403039704984596
108,136,0.3403039704984596
108,137,0.3403039704984596
108,138,0.3403039704984596
108,139,0.3403039704984596
109,3,0.30113639574870393
109,7,0.5730350565754154
109,21,1.0
109,26,0.5872536206956591
109,40,0.2175931045938273
109,44,0.6439368049421067
109,53,0.3659534223038244
109,66,0.36636972700655857
109,86,0.1527010722778351
109,103,0.30805891422525894
109,111,0.12680628142321826
